19198020118
19198020133
19198020138
19198020148
19198020155
19198020177
19198020178
19198020198
19198020210
19198020211
19198020218
19198020228
19198020233
19198020234
19198020238
19198020248
19198020255
19198020258
19198020278
19198020298
19198020308
19198020311
19198020318
19198020321
19198020322
19198020328
19198020338
19198020345
19198020348
19198020355
19198020358
19198020368
19198020377
19198020378
19198020400
19198020408
19198020411
19198020418
19198020422
19198020428
19198020433
19198020438
19198020448
19198020455
19198020456
19198020458
19198020468
19198020477
19198020478
19198020498
19198020508
19198020522
19198020528
19198020533
19198020538
19198020543
19198020558
19198020567
19198020568
19198020577
19198020578
19198020598
19198020608
19198020611
19198020618
19198020622
19198020628
19198020633
19198020638
19198020648
19198020655
19198020658
19198020668
19198020677
19198020678
19198020698
19198020708
19198020711
19198020718
19198020722
19198020728
19198020733
19198020738
19198020748
19198020755
19198020758
19198020765
19198020768
19198020778
19198020789
19198020798
19198020811
19198020818
19198020822
19198020828
19198020838
19198020848
19198020855
19198020868
19198020878
19198020882
19198020883
19198020885
19198020886
19198020887
19198020889
19198020898
19198020911
19198020918
19198020922
19198020928
19198020933
19198020938
19198020948
19198020955
19198020958
19198020977
19198020978
19198020987
19198020998
19198021008
19198021011
19198021012
19198021022
19198021033
19198021038
19198021048
19198021055
19198021058
19198021068
19198021077
19198021078
19198021098
19198021108
19198021123
19198021138
19198021198
19198021210
19198021211
19198021218
19198021228
19198021238
19198021258
19198021277
19198021298
19198021308
19198021311
19198021318
19198021321
19198021322
19198021328
19198021338
19198021345
19198021348
19198021355
19198021358
19198021368
19198021377
19198021378
19198021398
19198021400
19198021408
19198021411
19198021418
19198021422
19198021428
19198021438
19198021448
19198021455
19198021456
19198021458
19198021477
19198021478
19198021488
19198021498
19198021499
19198021508
19198021511
19198021522
19198021528
19198021533
19198021543
19198021548
19198021568
19198021578
19198021598
19198021608
19198021611
19198021618
19198021622
19198021628
19198021633
19198021638
19198021654
19198021658
19198021677
19198021711
19198021718
19198021728
19198021733
19198021738
19198021748
19198021755
19198021758
19198021765
19198021768
19198021778
19198021789
19198021798
19198021808
19198021811
19198021833
19198021838
19198021848
19198021855
19198021868
19198021876
19198021877
19198021878
19198021880
19198021882
19198021883
19198021886
19198021887
19198021922
19198021933
19198021938
19198021948
19198021958
19198021978
19198021998
19198022011
19198022028
19198022033
19198022038
19198022055
19198022058
19198022077
19198022078
19198022108
19198022118
19198022122
19198022123
19198022128
19198022138
19198022155
19198022177
19198022178
19198022198
19198022208
19198022218
19198022234
19198022238
19198022248
19198022258
19198022278
19198022298
19198022308
19198022311
19198022321
19198022328
19198022338
19198022355
19198022358
19198022377
19198022378
19198022398
19198022400
19198022408
19198022411
19198022422
19198022428
19198022432
19198022433
19198022438
19198022448
19198022456
19198022458
19198022466
19198022468
19198022478
19198022498
19198022499
19198022511
19198022528
19198022533
19198022538
19198022543
19198022548
19198022558
19198022577
19198022578
19198022611
19198022654
19198022655
19198022677
19198022678
19198022698
19198022708
19198022722
19198022728
19198022733
19198022748
19198022765
19198022778
19198022789
19198022798
19198022811
19198022822
19198022833
19198022838
19198022848
19198022855
19198022858
19198022878
19198022933
19198022938
19198022955
19198022977
19198022978
19198022987
19198023008
19198023012
19198023018
19198023022
19198023028
19198023038
19198023048
19198023058
19198023068
19198023077
19198023078
19198023098
19198023108
19198023133
19198023148
19198023155
19198023177
19198023178
19198023198
19198023208
19198023211
19198023233
19198023234
19198023238
19198023248
19198023255
19198023258
19198023278
19198023298
19198023308
19198023318
19198023345
19198023358
19198023368
19198023378
19198023398
19198023400
19198023408
19198023411
19198023433
19198023499
19198023538
19198023558
19198023628
19198023633
19198023638
19198023648
19198023654
19198023655
19198023658
19198023677
19198023678
19198023698
19198023711
19198023718
19198023722
19198023728
19198023733
19198023738
19198023748
19198023755
19198023758
19198023765
19198023768
19198023789
19198023798
19198023808
19198023811
19198023818
19198023828
19198023833
19198023848
19198023855
19198023858
19198023868
19198023876
19198023877
19198023878
19198023880
19198023881
19198023885
19198023886
19198023887
19198023889
19198023922
19198023955
19198023978
19198024008
19198024011
19198024012
19198024018
19198024118
19198024122
19198024200
19198024208
19198024210
19198024211
19198024218
19198024228
19198024233
19198024234
19198024238
19198024255
19198024258
19198024266
19198024268
19198024277
19198024278
19198024288
19198024299
19198024300
19198024308
19198024311
19198024322
19198024338
19198024345
19198024348
19198024355
19198024358
19198024366
19198024368
19198024377
19198024378
19198024388
19198024398
19198024399
19198024411
19198024418
19198024422
19198024428
19198024432
19198024433
19198024438
19198024448
19198024456
19198024466
19198024468
19198024477
19198024478
19198024488
19198024498
19198024500
19198024508
19198024511
19198024518
19198024522
19198024528
19198024533
19198024538
19198024543
19198024548
19198024566
19198024568
19198024577
19198024608
19198024618
19198024622
19198024628
19198024648
19198024655
19198024658
19198024668
19198024688
19198024698
19198024708
19198024711
19198024722
19198024733
19198024738
19198024748
19198024755
19198024758
19198024766
19198024788
19198024789
19198024798
19198024811
19198024818
19198024822
19198024828
19198025055
19198025058
19198025068
19198025077
19198025078
19198025098
19198025108
19198025118
19198025123
19198025148
19198025177
19198025210
19198025211
19198025218
19198025234
19198025258
19198025277
19198025278
19198025298
19198025318
19198025322
19198025338
19198025355
19198025368
19198025377
19198025378
19198025408
19198025448
19198025455
19198025456
19198025548
19198025567
19198025578
19198025608
19198025638
19198025648
19198025654
19198025655
19198025668
19198025698
19198025708
19198025711
19198025718
19198025722
19198025728
19198025733
19198025738
19198025778
19198025808
19198026311
19198026318
19198026321
19198026322
19198026338
19198026345
19198026348
19198026355
19198026377
19198026378
19198026433
19198026438
19198026448
19198026455
19198026456
19198026458
19198026466
19198026468
19198026477
19198026478
19198026488
19198026499
19198026511
19198026522
19198026528
19198026533
19198026538
19198026548
19198026558
19198026568
19198026577
19198026578
19198026598
19198026638
19198026648
19198026654
19198026658
19198026678
19198026698
19198026708
19198026711
19198026718
19198026722
19198026728
19198026733
19198026748
19198026758
19198026765
19198026778
19198026811
19198026822
19198026828
19198026833
19198026848
19198026855
19198026858
19198026877
19198026882
19198026883
19198026887
19198026889
19198026898
19198026908
19198026911
19198026918
19198026922
19198026928
19198026933
19198026948
19198026958
19198026968
19198026977
19198026978
19198026987
19198027008
19198027018
19198027022
19198027028
19198027033
19198027038
19198027048
19198027068
19198027077
19198027078
19198027098
19198027108
19198027118
19198027122
19198027123
19198027128
19198027133
19198027138
19198027155
19198027177
19198027178
19198027198
19198027208
19198027210
19198027211
19198027218
19198027228
19198027233
19198027234
19198027238
19198027248
19198027258
19198027277
19198027278
19198027298
19198027308
19198027311
19198027321
19198027322
19198027328
19198027338
19198027345
19198027348
19198027355
19198027358
19198027377
19198027408
19198027411
19198027428
19198027499
19198027508
19198027528
19198027533
19198027538
19198027543
19198027548
19198027558
19198027567
19198027568
19198027577
19198027578
19198027611
19198027618
19198027622
19198027628
19198027633
19198027655
19198027658
19198027668
19198027677
19198027678
19198027708
19198027718
19198027728
19198027738
19198027748
19198027765
19198027768
19198027789
19198027798
19198027808
19198027811
19198027822
19198027828
19198027838
19198027848
19198027855
19198027858
19198027868
19198027876
19198027877
19198027880
19198027881
19198027882
19198027885
19198027886
19198027898
19198027908
19198027918
19198027922
19198027933
19198027938
19198027948
19198027955
19198027958
19198027968
19198027977
19198027978
19198027987
19198027998
19198028011
19198028012
19198028033
19198028038
19198028048
19198028055
19198028058
19198028068
19198028077
19198028078
19198028098
19198028108
19198028122
19198028123
19198028133
19198028138
19198028148
19198028177
19198028258
19198028278
19198028322
19198028328
19198028345
19198028348
19198028358
19198028368
19198028377
19198028378
19198028398
19198028408
19198028411
19198028422
19198028428
19198028432
19198028438
19198028448
19198028455
19198028456
19198028466
19198028477
19198028478
19198028488
19198028498
19198028499
19198028511
19198028522
19198028533
19198028538
19198028543
19198028548
19198028567
19198028577
19198028611
19198028628
19198028633
19198028638
19198028648
19198028654
19198028658
19198028677
19198028711
19198028733
19198028738
19198028748
19198028755
19198028911
19198028918
19198028933
19198028948
19198028955
19198028978
19198029008
19198029011
19198029018
19198029028
19198029033
19198029048
19198029058
19198029122
19198029123
19198029128
19198029133
19198029138
19198029177
19198029178
19198029210
19198029218
19198029233
19198029234
19198029248
19198029277
19198029298
19198029311
19198029318
19198029321
19198029322
19198029338
19198029348
19198029355
19198029358
19198029368
19198029377
19198029378
19198029398
19198029408
19198029418
19198029428
19198029432
19198029456
19198029466
19198029478
19198029511
19198029522
19198029533
19198029558
19198029567
19198029577
19198029578
19198029598
19198029611
19198029622
19198029628
19198029633
19198029638
19198029648
19198029654
19198029655
19198029677
19198029708
19198029711
19198029718
19198029722
19198029728
19198029733
19198029755
19198029758
19198029765
19198029768
19198029778
19198029811
19198029818
19198029822
19198029848
19198029877
19198029881
19198029883
19198029885
19198029887
19198029908
19198029918
19198029928
19198029938
19198029958
17673026719
17673026775
18528031390
18528032081
18528034758
18528037008
18528039251
18528039738
17673016772
17673018072
17673018090
17673018101
17673018102
17673018110
17673018130
17673018131
17673018132
17673018151
17673018152
17673018160
17673018162
17673018170
17673018180
17673018182
17673018192
17673018220
17673018250
17673018280
17673018630
17673018812
17673018868
17673018898
17673018983
17673019018
17673019058
17673019068
17673019153
17673019183
17673019193
17673019523
